-0.27592769265174866 -0.3792336583137512
-0.2785637378692627 -0.37786954641342163
-0.27843478322029114 -0.37697726488113403
-0.2803892493247986 -0.3782897889614105
-0.27847129106521606 -0.3766697347164154
-0.27694690227508545 -0.3749776780605316
-0.2803671956062317 -0.37692582607269287
-0.2823236882686615 -0.37443962693214417
-0.28108009696006775 -0.37837567925453186
-0.27989235520362854 -0.3805135190486908
-0.2779597043991089 -0.38063064217567444
-0.28118422627449036 -0.38335806131362915
-0.2800503671169281 -0.383177250623703
-0.2908015251159668 -0.38463449478149414
-0.29374003410339355 -0.3816095292568207
-0.299387663602829 -0.3835282325744629
-0.2937781512737274 -0.3886873722076416
-0.2976583242416382 -0.3869149684906006
-0.30362236499786377 -0.3878307342529297
-0.3038405179977417 -0.38901832699775696
-0.3028496503829956 -0.3870833218097687
-0.30569905042648315 -0.3795924186706543
-0.3054531216621399 -0.3854163885116577
-0.3079184591770172 -0.3818773925304413
-0.3099738657474518 -0.3758000135421753
-0.30808359384536743 -0.3783266246318817
-0.3101446032524109 -0.38346344232559204
-0.30875593423843384 -0.38286393880844116
-0.3078702688217163 -0.3813476264476776
-0.30814963579177856 -0.38722023367881775
-0.30814963579177856 -0.38722023367881775
-0.30884453654289246 -0.3909725844860077
-0.31169068813323975 -0.3911052942276001
-0.31188979744911194 -0.40244191884994507
-0.3126693069934845 -0.4049428105354309
-0.3150646984577179 -0.4062870740890503
-0.3194664418697357 -0.40830856561660767
-0.3209450840950012 -0.40957778692245483
-0.32306352257728577 -0.41371092200279236
-0.32785436511039734 -0.4196932315826416
-0.32866549491882324 -0.4325915277004242
-0.32866549491882324 -0.4325915277004242
-0.3335469961166382 -0.43714064359664917
-0.33590880036354065 -0.44666051864624023
-0.33506694436073303 -0.4453807473182678
-0.3342025876045227 -0.44966110587120056
-0.3341442048549652 -0.46082398295402527
-0.3346472978591919 -0.4628312885761261
-0.3305984437465668 -0.46612730622291565
-0.329588919878006 -0.4747592508792877
-0.3314707577228546 -0.47133803367614746
-0.3318128287792206 -0.47061246633529663
-0.3294966220855713 -0.48865678906440735
-0.32833147048950195 -0.4967818260192871
-0.3302944600582123 -0.4957748353481293
-0.3296568691730499 -0.49880364537239075
-0.331726610660553 -0.5141373872756958
-0.331726610660553 -0.5141373872756958
-0.3323754370212555 -0.5282200574874878
-0.33218318223953247 -0.5265151262283325
-0.3370501697063446 -0.5317134857177734
-0.33423393964767456 -0.5434784293174744
-0.3411760926246643 -0.5348160862922668
-0.3478834927082062 -0.5410316586494446
-0.35445690155029297 -0.533642590045929
-0.36023759841918945 -0.574595034122467
-0.3652629554271698 -0.5812655091285706
-0.3720850348472595 -0.5875043272972107
-0.3730601370334625 -0.5907747745513916
-0.38617315888404846 -0.6146230101585388
-0.3912779986858368 -0.6165949702262878
-0.3929627537727356 -0.6219033002853394
-0.3948650658130646 -0.6241342425346375
-0.412528395652771 -0.6331450343132019
-0.41377872228622437 -0.628057599067688
-0.41138115525245667 -0.6293931603431702
-0.4059714674949646 -0.675062358379364
-0.41914376616477966 -0.6805894374847412
-0.41227057576179504 -0.6835949420928955
-0.4222269058227539 -0.6804436445236206
-0.44377022981643677 -0.6667982935905457
-0.45628464221954346 -0.5552405118942261
-0.46281325817108154 -0.5845919847488403
-0.46663641929626465 -0.6214993000030518
-0.49044984579086304 -0.6060582995414734
-0.48873189091682434 -0.5968356728553772
-0.48289069533348083 -0.588238000869751
-0.47511446475982666 -0.5826687812805176
-0.4548270106315613 -0.5601007342338562
-0.47552594542503357 -0.506197452545166
-0.46023696660995483 -0.5415605306625366
-0.5059958100318909 -0.46916913986206055
-0.4968096613883972 -0.493612140417099
-0.4847746193408966 -0.5144734382629395
-0.47259676456451416 -0.5277198553085327
-0.49138545989990234 -0.5036503076553345
-0.49500909447669983 -0.49851617217063904
