-0.2953900396823883 -0.17942848801612854
-0.29547831416130066 -0.17925991117954254
-0.29602304100990295 -0.18035472929477692
-0.2990362048149109 -0.1767018586397171
-0.2975213825702667 -0.17820827662944794
-0.297505259513855 -0.17649288475513458
-0.29986822605133057 -0.17965959012508392
-0.29945313930511475 -0.1788366585969925
-0.2983298897743225 -0.17950575053691864
-0.299194872379303 -0.17896614968776703
-0.2966155707836151 -0.18538106977939606
-0.2956540882587433 -0.18655870854854584
-0.2954273521900177 -0.1906151920557022
-0.290261447429657 -0.199517622590065
-0.29073789715766907 -0.2005801647901535
-0.29113227128982544 -0.19860967993736267
-0.28801190853118896 -0.2077169269323349
-0.2890734374523163 -0.20918092131614685
-0.28809502720832825 -0.21203762292861938
-0.2888576090335846 -0.21260561048984528
-0.2905004620552063 -0.22009122371673584
-0.2909305989742279 -0.22412019968032837
-0.2914453446865082 -0.22557251155376434
-0.2955394387245178 -0.2290053367614746
-0.2961835563182831 -0.23117981851100922
-0.29871290922164917 -0.23296116292476654
-0.29963254928588867 -0.234144389629364
-0.3021482229232788 -0.25049301981925964
-0.3027462363243103 -0.2512502670288086
-0.3002288341522217 -0.25645944476127625
-0.2957722544670105 -0.2719149589538574
-0.2950323522090912 -0.2748171389102936
-0.29266753792762756 -0.2750646471977234
-0.288814902305603 -0.28951817750930786
-0.2884201109409332 -0.293753981590271
-0.28640249371528625 -0.2946235239505768
-0.28692299127578735 -0.2995609641075134
-0.28155529499053955 -0.3147739768028259
-0.2839876115322113 -0.31847816705703735
-0.2836243808269501 -0.3282642662525177
-0.27261844277381897 -0.3711428642272949
-0.27533918619155884 -0.37865036725997925
-0.2775050401687622 -0.40366244316101074
-0.27974480390548706 -0.41148245334625244
-0.28207117319107056 -0.4166225790977478
-0.2842349112033844 -0.41816580295562744
-0.2867923974990845 -0.4296008348464966
-0.2863510251045227 -0.4370881915092468
-0.2855474650859833 -0.45201975107192993
-0.2855474650859833 -0.45201975107192993
-0.2901248633861542 -0.4626240134239197
-0.2928505837917328 -0.4631125330924988
-0.30058738589286804 -0.47567930817604065
-0.31458014249801636 -0.49993377923965454
-0.323195219039917 -0.5054372549057007
-0.3561846613883972 -0.5434231758117676
-0.43628910183906555 -0.6237661838531494
-0.4313809871673584 -0.6314965486526489
-0.4167178273200989 -0.5717607736587524
-0.41594982147216797 -0.5666822195053101
-0.49135881662368774 -0.6384520530700684
-0.49991142749786377 -0.5664265751838684
-0.4963547885417938 -0.5457537174224854
-0.4944544732570648 -0.5355648994445801
-0.4992339611053467 -0.4885728359222412
-0.49995502829551697 -0.4704369306564331
-0.5031622648239136 -0.4577229917049408
-0.501374363899231 -0.44855979084968567
-0.4626275300979614 -0.47119784355163574
-0.45665866136550903 -0.4872956871986389
-0.4846957325935364 -0.43887650966644287
-0.4765300750732422 -0.44550061225891113
-0.5231609344482422 -0.4092845320701599
