-0.27435043454170227 -0.35677242279052734
-0.27711814641952515 -0.3496231436729431
-0.2751418650150299 -0.3528320789337158
-0.2799093425273895 -0.351466566324234
-0.2764091193675995 -0.3537852466106415
-0.2792530059814453 -0.3508451581001282
-0.2768092453479767 -0.35157299041748047
-0.2777959108352661 -0.3499929904937744
-0.2774866223335266 -0.3492984473705292
-0.276967316865921 -0.34616437554359436
-0.2808002233505249 -0.3337750732898712
-0.284652978181839 -0.3294990658760071
-0.2843216359615326 -0.3295270502567291
-0.2927510142326355 -0.3059617280960083
-0.2979586720466614 -0.30064934492111206
-0.30172231793403625 -0.29754117131233215
-0.3093408942222595 -0.2935689091682434
-0.33291569352149963 -0.2712073028087616
-0.3390233516693115 -0.26471930742263794
-0.34349140524864197 -0.269026517868042
-0.3581463694572449 -0.25647860765457153
-0.3640158772468567 -0.2608623206615448
-0.3665511906147003 -0.25923359394073486
-0.38053831458091736 -0.2407347857952118
-0.37870651483535767 -0.2372719943523407
-0.3883558511734009 -0.23398977518081665
-0.3963286280632019 -0.24080531299114227
-0.4139849841594696 -0.20210832357406616
-0.41714781522750854 -0.21699249744415283
-0.4245353639125824 -0.19315266609191895
-0.443540096282959 -0.19118860363960266
-0.4456486403942108 -0.19480003416538239
-0.44653213024139404 -0.22829777002334595
-0.44653213024139404 -0.22829777002334595
-0.4877832531929016 -0.22018559277057648
-0.4947783946990967 -0.25080999732017517
-0.5061569213867188 -0.2613147795200348
-0.512851357460022 -0.2607177495956421
-0.52134108543396 -0.227874755859375
-0.5339415073394775 -0.3009439706802368
-0.5390899777412415 -0.3023686110973358
-0.5528753995895386 -0.28853538632392883
-0.5578768849372864 -0.3252600431442261
-0.5594104528427124 -0.3207990825176239
-0.5625931024551392 -0.34627366065979004
-0.5589039921760559 -0.37489011883735657
-0.5671000480651855 -0.39396119117736816
-0.5677601099014282 -0.4041079580783844
-0.5677601099014282 -0.4041079580783844
-0.5813683867454529 -0.40423524379730225
-0.5800399780273438 -0.43270590901374817
-0.5896861553192139 -0.42309829592704773
-0.591145932674408 -0.4497825801372528
-0.5875535011291504 -0.4558854401111603
-0.5874060988426208 -0.46457505226135254
-0.579258143901825 -0.48124200105667114
-0.5792189836502075 -0.4815407395362854
-0.5732437968254089 -0.4878242611885071
-0.5712471604347229 -0.49136799573898315
-0.5658149719238281 -0.48880988359451294
-0.5624138116836548 -0.4902566373348236
-0.5574586987495422 -0.49856746196746826
-0.5538257360458374 -0.4982824921607971
-0.538053035736084 -0.5056792497634888
-0.5328817963600159 -0.504224956035614
-0.5290626883506775 -0.5061074495315552
-0.5070568919181824 -0.5091353058815002
-0.5031706094741821 -0.5107678771018982
-0.4936143755912781 -0.5081539154052734
-0.480808287858963 -0.4728013873100281
-0.4698989689350128 -0.4947166442871094
-0.4617128074169159 -0.5096789598464966
-0.4503248929977417 -0.4676611125469208
-0.44475358724594116 -0.48358091711997986
-0.4391647279262543 -0.5145316123962402
-0.43829628825187683 -0.49130913615226746
-0.4200579524040222 -0.5058628916740417
-0.4137963354587555 -0.5006666779518127
-0.3871319591999054 -0.5121791958808899
-0.3987083435058594 -0.5138936638832092
-0.3943706452846527 -0.5149043798446655
-0.3875778913497925 -0.5160865783691406
-0.3696215748786926 -0.5147539377212524
-0.3656092584133148 -0.5217955112457275
-0.36234065890312195 -0.5244500041007996
-0.3613739013671875 -0.5302919745445251
-0.3463432192802429 -0.5467073321342468
-0.341867059469223 -0.551664412021637
-0.34174108505249023 -0.5544040203094482
-0.33674609661102295 -0.5458914637565613
-0.33056575059890747 -0.5270607471466064
-0.3249831795692444 -0.5430763959884644
-0.31903818249702454 -0.6015858054161072
-0.33520641922950745 -0.6092042922973633
-0.33899036049842834 -0.6226956248283386
-0.33399850130081177 -0.6046785116195679
-0.3482597768306732 -0.6422244906425476
-0.35229307413101196 -0.6373361945152283
-0.3546317219734192 -0.6185985803604126
-0.3676148056983948 -0.65737384557724
-0.36798086762428284 -0.6522315144538879
-0.37297752499580383 -0.6582216024398804
-0.3657425045967102 -0.6633123755455017
-0.39463990926742554 -0.6916377544403076
-0.3927837312221527 -0.7025750279426575
-0.4159092903137207 -0.7284231781959534
-0.4305959641933441 -0.7224917411804199
-0.4357759952545166 -0.7094293832778931
-0.45583486557006836 -0.7245851755142212
-0.45583486557006836 -0.7245851755142212
-0.4713180661201477 -0.7079439759254456
-0.4831796884536743 -0.6726734042167664
-0.4965101480484009 -0.6788229942321777
-0.5032413005828857 -0.6716122031211853
-0.5137306451797485 -0.671236515045166
-0.52903813123703 -0.7234389185905457
-0.5349774360656738 -0.6851164102554321
-0.5416368842124939 -0.6936501264572144
-0.5529959201812744 -0.6972673535346985
-0.5615682005882263 -0.6871129870414734
-0.5729960203170776 -0.7012884020805359
