-0.14464163780212402 -0.42257630825042725
-0.14432641863822937 -0.4247557520866394
-0.14657655358314514 -0.42442530393600464
-0.14577320218086243 -0.4227674603462219
-0.1471661925315857 -0.425097793340683
-0.14683789014816284 -0.4247570037841797
-0.14724868535995483 -0.4241616129875183
-0.14723309874534607 -0.42618057131767273
-0.14807924628257751 -0.4267778992652893
-0.14811989665031433 -0.42292284965515137
-0.15240132808685303 -0.41371622681617737
-0.1511048972606659 -0.4098051190376282
-0.154086172580719 -0.40500926971435547
-0.16138367354869843 -0.3871822953224182
-0.1622445285320282 -0.38092491030693054
-0.16563326120376587 -0.3736196756362915
-0.17761056125164032 -0.3605610430240631
-0.1795487105846405 -0.35686928033828735
-0.1834157258272171 -0.3517020046710968
-0.19353428483009338 -0.3429371118545532
-0.19673773646354675 -0.3413609564304352
-0.1986982524394989 -0.3344424366950989
-0.20220866799354553 -0.33176591992378235
-0.21373912692070007 -0.3264837861061096
-0.21958987414836884 -0.3240739107131958
-0.22295543551445007 -0.3203204572200775
-0.23879975080490112 -0.3203243911266327
-0.24187612533569336 -0.3162156045436859
-0.24580249190330505 -0.32046473026275635
-0.25772160291671753 -0.31876620650291443
-0.25793758034706116 -0.3157798647880554
-0.2619670033454895 -0.3156493008136749
-0.2619965970516205 -0.3157362639904022
-0.27313563227653503 -0.31300556659698486
-0.27766984701156616 -0.31622040271759033
-0.2796114683151245 -0.31818899512290955
-0.28103500604629517 -0.3193511366844177
-0.2931255102157593 -0.3211807906627655
-0.29798629879951477 -0.31710806488990784
-0.30557018518447876 -0.3041767477989197
-0.31889885663986206 -0.29917100071907043
-0.3240553140640259 -0.3114526569843292
-0.3357149362564087 -0.3059185743331909
-0.3352057933807373 -0.3170571029186249
-0.3454670310020447 -0.322202205657959
-0.3506440222263336 -0.32457995414733887
-0.3636183738708496 -0.3424733281135559
-0.3754221796989441 -0.34888866543769836
-0.3762667775154114 -0.333290159702301
-0.4023909270763397 -0.3529735207557678
-0.40828725695610046 -0.36204710602760315
-0.4143992066383362 -0.3644322156906128
-0.4306054711341858 -0.37393665313720703
-0.4438255727291107 -0.37994319200515747
-0.44549989700317383 -0.38481661677360535
-0.4493328332901001 -0.40072688460350037
-0.4501638114452362 -0.40412768721580505
-0.45045894384384155 -0.41079509258270264
-0.45459672808647156 -0.4216860234737396
-0.47289419174194336 -0.4370713531970978
-0.47687339782714844 -0.4398668706417084
-0.48410239815711975 -0.4384610652923584
-0.4876142740249634 -0.4609443247318268
-0.4920080900192261 -0.4674391448497772
-0.4926105737686157 -0.46943822503089905
-0.4925203323364258 -0.4797042906284332
-0.49306362867355347 -0.48844292759895325
-0.4893973469734192 -0.4963512420654297
-0.4911838173866272 -0.49714139103889465
-0.48447343707084656 -0.502541184425354
-0.48369771242141724 -0.508377194404602
-0.4826928675174713 -0.5071825981140137
-0.46461108326911926 -0.5128843188285828
-0.46233677864074707 -0.516172468662262
-0.4590122401714325 -0.5125008225440979
-0.45686835050582886 -0.5155124664306641
-0.442865788936615 -0.5186268091201782
-0.44154852628707886 -0.518810510635376
-0.43778690695762634 -0.516726016998291
-0.4350500702857971 -0.5168535113334656
-0.420562207698822 -0.5153729319572449
-0.4169183075428009 -0.514618992805481
-0.41036659479141235 -0.5158003568649292
-0.38634413480758667 -0.517035961151123
-0.37939712405204773 -0.5187437534332275
-0.3730584681034088 -0.5160536170005798
-0.36788398027420044 -0.5178877711296082
-0.3486458361148834 -0.5103870630264282
-0.3458506762981415 -0.5127320289611816
-0.34103137254714966 -0.5113375186920166
-0.30549493432044983 -0.5071384310722351
-0.2957742214202881 -0.5236877202987671
-0.27509409189224243 -0.5178437829017639
-0.2687976062297821 -0.5180526971817017
-0.2628878951072693 -0.5233629941940308
-0.2325080931186676 -0.5370422005653381
-0.22749648988246918 -0.5407528281211853
-0.22077065706253052 -0.5437072515487671
-0.21420535445213318 -0.544858992099762
-0.20073187351226807 -0.5598839521408081
-0.19612030684947968 -0.5624542832374573
-0.19385409355163574 -0.5672074556350708
-0.18332865834236145 -0.5822380185127258
-0.1847364604473114 -0.5904118418693542
-0.17892594635486603 -0.6024230718612671
-0.1792360544204712 -0.6076846718788147
-0.17533932626247406 -0.6206390857696533
-0.17305998504161835 -0.6218210458755493
-0.1724977344274521 -0.6686146855354309
-0.1742682009935379 -0.6722934246063232
-0.18150119483470917 -0.6852065920829773
-0.18699397146701813 -0.6876197457313538
-0.18747533857822418 -0.6909784078598022
-0.1921149492263794 -0.6982560753822327
-0.1930619180202484 -0.6995316743850708
-0.3325628936290741 -0.7437888979911804
-0.3404864966869354 -0.7412144541740417
-0.3473028242588043 -0.7414665222167969
-0.3447653353214264 -0.7549826502799988
-0.37713325023651123 -0.7528154253959656
-0.3816993236541748 -0.741227388381958
-0.3829937279224396 -0.7446939945220947
-0.4236389398574829 -0.7339574694633484
-0.4377581477165222 -0.7326013445854187
-0.4360758066177368 -0.7269678115844727
-0.43637973070144653 -0.737347424030304
-0.43133577704429626 -0.7476927638053894
-0.4360898435115814 -0.7484474182128906
-0.4378567636013031 -0.747216522693634
