-0.4225322902202606 -0.3234103322029114
-0.4234912693500519 -0.3244231939315796
-0.4229300022125244 -0.3237616717815399
-0.42538779973983765 -0.32245802879333496
-0.4248431921005249 -0.3210594356060028
-0.42540624737739563 -0.3212966322898865
-0.42523887753486633 -0.32219982147216797
-0.4248563349246979 -0.3222392797470093
-0.424928218126297 -0.32244789600372314
-0.42520377039909363 -0.32184863090515137
-0.42483416199684143 -0.3232768774032593
-0.42368951439857483 -0.3241332173347473
-0.4220767915248871 -0.3233991265296936
-0.4073832035064697 -0.32045307755470276
-0.40377169847488403 -0.3183024525642395
-0.3981521725654602 -0.31702733039855957
-0.36978408694267273 -0.3197976350784302
-0.3603842854499817 -0.3167145848274231
-0.349997878074646 -0.32006657123565674
-0.3104577660560608 -0.31693533062934875
-0.30047735571861267 -0.3163275420665741
-0.2922810912132263 -0.31650349497795105
-0.28268662095069885 -0.3130817115306854
-0.2709214985370636 -0.3149569630622864
-0.23533491790294647 -0.315930038690567
-0.2255868762731552 -0.31524360179901123
-0.21584253013134003 -0.31523168087005615
-0.18312913179397583 -0.3114963173866272
-0.17734123766422272 -0.30862417817115784
-0.16668564081192017 -0.3045656085014343
-0.1458861231803894 -0.30139556527137756
-0.14566566050052643 -0.2998206615447998
-0.14056533575057983 -0.2999977469444275
-0.14056533575057983 -0.2999977469444275
-0.13426852226257324 -0.308021605014801
-0.13357886672019958 -0.3105778098106384
-0.13222891092300415 -0.31143566966056824
-0.13246434926986694 -0.31264907121658325
-0.13212627172470093 -0.31087085604667664
-0.13399912416934967 -0.3133615255355835
-0.13655544817447662 -0.329952597618103
-0.14055058360099792 -0.33612918853759766
-0.14158812165260315 -0.34624868631362915
-0.1444154679775238 -0.37711676955223083
-0.14954575896263123 -0.38872602581977844
-0.15343743562698364 -0.40008705854415894
-0.16997072100639343 -0.423140287399292
-0.2061765193939209 -0.46636009216308594
-0.21318630874156952 -0.47827035188674927
-0.21318630874156952 -0.47827035188674927
-0.2527275085449219 -0.5293829441070557
-0.26118722558021545 -0.5441400408744812
-0.28357890248298645 -0.5745543241500854
-0.2898560166358948 -0.5845838189125061
-0.30963122844696045 -0.6136260032653809
-0.31636518239974976 -0.622809886932373
-0.31783780455589294 -0.6304353475570679
-0.31739306449890137 -0.6442974209785461
-0.318156361579895 -0.6439435482025146
-0.31706130504608154 -0.6426858901977539
-0.318156898021698 -0.6383411884307861
-0.31640446186065674 -0.6373593807220459
-0.31612277030944824 -0.6367312669754028
-0.3121141195297241 -0.6364344358444214
-0.3013212978839874 -0.6318321824073792
-0.2932817339897156 -0.6282356977462769
-0.28534311056137085 -0.6251733303070068
-0.2552104592323303 -0.6155686378479004
-0.23803628981113434 -0.6099873781204224
-0.23803628981113434 -0.6099873781204224
-0.22502480447292328 -0.6071672439575195
-0.17557387053966522 -0.5981543064117432
-0.16370707750320435 -0.59776771068573
-0.1503916084766388 -0.5976254940032959
-0.09981599450111389 -0.5957221984863281
-0.07200266420841217 -0.5991156697273254
