-0.2830078601837158 -0.5358006358146667
-0.2800678610801697 -0.5453492999076843
-0.2788996994495392 -0.5333495140075684
-0.2777653634548187 -0.5384979844093323
-0.27447402477264404 -0.5472820401191711
-0.274325430393219 -0.5520707964897156
-0.2767481803894043 -0.5349040627479553
-0.27476033568382263 -0.5378333330154419
-0.26867198944091797 -0.5528503656387329
-0.2687358260154724 -0.553697943687439
-0.26646512746810913 -0.5373632907867432
-0.26204538345336914 -0.5527774691581726
-0.2670309841632843 -0.5278961658477783
-0.26032206416130066 -0.5592300891876221
-0.26035070419311523 -0.562647819519043
-0.24987250566482544 -0.5356717109680176
-0.24507270753383636 -0.5524054765701294
-0.24323904514312744 -0.550467848777771
-0.24102595448493958 -0.5505224466323853
-0.22884142398834229 -0.5536405444145203
-0.22683271765708923 -0.5573762059211731
-0.21841953694820404 -0.5593360662460327
-0.2117779552936554 -0.5537800192832947
-0.2065063714981079 -0.5577729344367981
-0.2038916051387787 -0.5615596771240234
-0.1887490153312683 -0.5509052872657776
-0.18672433495521545 -0.5471705198287964
-0.18532796204090118 -0.5560780763626099
-0.16825830936431885 -0.5623502731323242
-0.16713076829910278 -0.5703969597816467
-0.1620919108390808 -0.5731042623519897
-0.15958848595619202 -0.5754293203353882
-0.14446046948432922 -0.5839741230010986
-0.14199386537075043 -0.5819686651229858
-0.13486875593662262 -0.5795354247093201
-0.12716875970363617 -0.5802104473114014
-0.12267306447029114 -0.5819669365882874
-0.12056903541088104 -0.58750319480896
-0.11006491631269455 -0.5912445187568665
-0.10588051378726959 -0.593459963798523
-0.10268298536539078 -0.5919601321220398
-0.09701843559741974 -0.597832202911377
-0.09673228859901428 -0.6050243377685547
-0.09617551416158676 -0.6033767461776733
-0.09310595691204071 -0.6069864630699158
-0.09461228549480438 -0.606610119342804
-0.0913952887058258 -0.6057178378105164
-0.0913952887058258 -0.6057178378105164
-0.09285807609558105 -0.6112112402915955
-0.09472078830003738 -0.6126013398170471
-0.10078643262386322 -0.6147274374961853
-0.10455365478992462 -0.6157164573669434
-0.10334151238203049 -0.6254123449325562
-0.10714168101549149 -0.6304730772972107
-0.11046914011240005 -0.636394739151001
-0.11484863609075546 -0.6387192606925964
-0.11497139930725098 -0.6401385068893433
-0.13586674630641937 -0.662129819393158
-0.13586674630641937 -0.662129819393158
-0.14572592079639435 -0.6749879717826843
-0.15376164019107819 -0.680197536945343
-0.1571139395236969 -0.6788809895515442
-0.17579221725463867 -0.6930972337722778
-0.18389616906642914 -0.69759202003479
-0.18999218940734863 -0.7051185369491577
-0.21123376488685608 -0.7299183011054993
-0.21638423204421997 -0.7366373538970947
-0.22178101539611816 -0.7481043934822083
-0.23147544264793396 -0.7547042369842529
-0.25381922721862793 -0.8006694316864014
-0.25813454389572144 -0.8076251149177551
-0.26249992847442627 -0.8248805999755859
-0.290136456489563 -0.8674314618110657
-0.3132299780845642 -0.8584916591644287
-0.31628984212875366 -0.8731122016906738
-0.3193138837814331 -0.8863525986671448
-0.32086804509162903 -0.8827425241470337
-0.33235877752304077 -0.8872507214546204
-0.325533002614975 -0.8802727460861206
-0.31152477860450745 -0.8922311067581177
-0.3201178312301636 -0.8832428455352783
-0.29916688799858093 -0.8848147392272949
-0.2546987533569336 -0.8712157607078552
-0.24947908520698547 -0.8739306330680847
-0.23615816235542297 -0.8576708436012268
-0.22886571288108826 -0.8717316389083862
-0.22495630383491516 -0.8696297407150269
-0.21792246401309967 -0.861672580242157
-0.21349909901618958 -0.8657184839248657
-0.18958690762519836 -0.8441739678382874
-0.1854824423789978 -0.8462381362915039
-0.18418395519256592 -0.8470509648323059
-0.1763250231742859 -0.8426274061203003
-0.15400928258895874 -0.834814727306366
-0.1521833837032318 -0.8376268148422241
-0.14798445999622345 -0.8418667316436768
-0.12330444157123566 -0.8538156747817993
-0.1192169263958931 -0.856151819229126
-0.11167185008525848 -0.8594242930412292
-0.10829120874404907 -0.8670749664306641
-0.09374549984931946 -0.8711265921592712
-0.08655250072479248 -0.8692889213562012
-0.08938916772603989 -0.875655472278595
-0.08584319055080414 -0.8857566118240356
-0.08513975888490677 -0.8815656304359436
-0.08513975888490677 -0.8815656304359436
