-0.3776389956474304 -0.6310162544250488
-0.3867170214653015 -0.630747377872467
-0.3811357915401459 -0.6320823431015015
-0.37294936180114746 -0.6502474546432495
-0.37069016695022583 -0.652318000793457
-0.3722832500934601 -0.648241400718689
-0.3683842718601227 -0.6535807847976685
-0.36927735805511475 -0.6483128666877747
-0.3719879984855652 -0.6480624675750732
-0.3705214560031891 -0.6461884379386902
-0.3758612275123596 -0.6465563178062439
-0.3783050775527954 -0.6504713892936707
-0.38124024868011475 -0.6406285762786865
-0.38248902559280396 -0.6421868801116943
-0.36054831743240356 -0.6552985906600952
-0.37901774048805237 -0.6402153372764587
-0.3887356221675873 -0.6318722367286682
-0.4053247272968292 -0.6074380874633789
-0.47429606318473816 -0.6294762492179871
-0.43662238121032715 -0.6277323961257935
-0.4840567708015442 -0.6159199476242065
-0.45892632007598877 -0.6257715821266174
-0.4633784592151642 -0.6498309373855591
-0.4429972767829895 -0.6341589093208313
-0.42414581775665283 -0.6250085830688477
-0.38273394107818604 -0.6445242166519165
-0.3784456253051758 -0.6545909643173218
-0.36641567945480347 -0.6514649391174316
-0.35180842876434326 -0.6556687355041504
-0.33491870760917664 -0.6595361232757568
-0.33491870760917664 -0.6595361232757568
-0.33494171500205994 -0.6581358909606934
-0.34383055567741394 -0.664948582649231
-0.35660162568092346 -0.6591503024101257
-0.37028154730796814 -0.6553027629852295
-0.3997773826122284 -0.6516416668891907
-0.41351279616355896 -0.6430116891860962
-0.45030152797698975 -0.6256581544876099
-0.4920448660850525 -0.6138845086097717
-0.5181913375854492 -0.6278684735298157
-0.5181913375854492 -0.6278684735298157
-0.5125414133071899 -0.6248183250427246
-0.5034002661705017 -0.6248564720153809
-0.4921643137931824 -0.6525041460990906
-0.45258861780166626 -0.6591506004333496
-0.42012912034988403 -0.682129979133606
-0.4270741939544678 -0.6645076870918274
-0.41484254598617554 -0.6706088185310364
-0.34507715702056885 -0.6906555891036987
-0.33301404118537903 -0.6886942386627197
-0.31290996074676514 -0.6791096925735474
-0.3128523826599121 -0.6777891516685486
-0.3115673065185547 -0.6846292614936829
-0.34059855341911316 -0.6967583894729614
-0.35745951533317566 -0.6951599717140198
-0.3726032078266144 -0.6974036693572998
-0.4161207377910614 -0.7193900346755981
-0.42435091733932495 -0.6994287967681885
-0.46107739210128784 -0.6862399578094482
-0.5024478435516357 -0.6674935817718506
-0.5150337815284729 -0.6712692379951477
-0.5273601412773132 -0.6876803040504456
-0.5256481766700745 -0.6808215379714966
-0.5000114440917969 -0.6736918091773987
-0.49037283658981323 -0.6885608434677124
-0.4327664375305176 -0.7078224420547485
-0.39344021677970886 -0.7095138430595398
-0.35970625281333923 -0.7242019176483154
-0.34514909982681274 -0.7177817821502686
-0.33424463868141174 -0.7199792265892029
-0.32197776436805725 -0.7150352597236633
-0.30970194935798645 -0.7087458372116089
-0.3221600353717804 -0.6983112096786499
-0.3215985894203186 -0.7066963911056519
-0.3586832880973816 -0.7104327082633972
-0.3716278076171875 -0.714448094367981
-0.378668874502182 -0.7027196884155273
-0.391014039516449 -0.713996410369873
-0.5452964305877686 -0.6681636571884155
-0.5552686452865601 -0.6585065126419067
-0.5579735636711121 -0.6612116694450378
-0.5657044053077698 -0.6513258218765259
-0.5712908506393433 -0.6487540602684021
-0.5685880184173584 -0.646003782749176
-0.5652937293052673 -0.6567505598068237
-0.5310146808624268 -0.6631321310997009
-0.5090286731719971 -0.6495963335037231
-0.4951948821544647 -0.6359204053878784
-0.45765191316604614 -0.6498235464096069
-0.4397996664047241 -0.6808931827545166
-0.34022626280784607 -0.652847409248352
-0.38740450143814087 -0.6131600737571716
-0.38740450143814087 -0.6131600737571716
-0.3805514872074127 -0.6408063173294067
-0.3185768723487854 -0.6649953126907349
