-0.39030319452285767 -0.6787847280502319
-0.391827791929245 -0.6519312262535095
-0.3888980448246002 -0.6563830375671387
-0.40073737502098083 -0.6579608917236328
-0.39485734701156616 -0.6435853242874146
-0.39346981048583984 -0.6519747376441956
-0.39463913440704346 -0.6637903451919556
-0.3956753611564636 -0.6699514985084534
-0.39026975631713867 -0.6714791059494019
-0.3856455683708191 -0.6732484102249146
-0.3843685984611511 -0.6794472932815552
-0.38537654280662537 -0.6855199933052063
-0.38375771045684814 -0.6837117671966553
-0.3960038721561432 -0.6479485630989075
-0.3964194655418396 -0.6417463421821594
-0.39691096544265747 -0.6510737538337708
-0.3957536220550537 -0.636300265789032
-0.3937700688838959 -0.6334664225578308
-0.3962800204753876 -0.6295586824417114
-0.41219449043273926 -0.6279484033584595
-0.4044073820114136 -0.595489501953125
-0.4056030511856079 -0.5908886790275574
-0.5135592818260193 -0.6424441337585449
-0.43083393573760986 -0.6076372265815735
-0.4167974293231964 -0.5937891006469727
-0.3987146317958832 -0.5897423624992371
-0.3686148524284363 -0.6200252771377563
-0.3881390690803528 -0.5519035458564758
-0.5095807909965515 -0.6111330986022949
-0.4446178674697876 -0.545517086982727
-0.4517868161201477 -0.5429423451423645
-0.4517868161201477 -0.5429423451423645
-0.4736347496509552 -0.5197004675865173
-0.4804266095161438 -0.5344420671463013
-0.482930064201355 -0.5334329605102539
-0.4795399010181427 -0.5271174907684326
-0.47655731439590454 -0.5258582830429077
-0.47226381301879883 -0.5262746214866638
-0.46606937050819397 -0.5269245505332947
-0.4366627335548401 -0.5380235314369202
-0.43726107478141785 -0.5460788607597351
-0.43089979887008667 -0.5684353113174438
-0.411048024892807 -0.563076376914978
-0.4089251160621643 -0.5609170794487
-0.4370797574520111 -0.5853825807571411
-0.4237070679664612 -0.5802079439163208
-0.41603562235832214 -0.5567307472229004
-0.4497089684009552 -0.581849217414856
-0.43633803725242615 -0.5488738417625427
-0.440346360206604 -0.5397046804428101
-0.45282357931137085 -0.5493403673171997
-0.45914459228515625 -0.5293018817901611
-0.47571879625320435 -0.531073272228241
-0.48166635632514954 -0.5386771559715271
-0.4832803010940552 -0.5468756556510925
-0.5006539225578308 -0.5562076568603516
-0.5059029459953308 -0.5531569123268127
-0.5140377283096313 -0.5632129311561584
-0.5020136833190918 -0.5757495164871216
-0.5028741359710693 -0.572153627872467
-0.487383097410202 -0.5495373606681824
-0.47969353199005127 -0.5405734777450562
-0.433711439371109 -0.5557264089584351
-0.42895203828811646 -0.5521765947341919
-0.5246153473854065 -0.640221893787384
-0.5291262269020081 -0.6377313137054443
-0.4090579152107239 -0.568925678730011
-0.47663724422454834 -0.5928478837013245
-0.44036030769348145 -0.5566959381103516
-0.45281946659088135 -0.5552175641059875
-0.45646074414253235 -0.5431100130081177
-0.4859236478805542 -0.5493414402008057
-0.4940665662288666 -0.5491560101509094
-0.5006295442581177 -0.5559998750686646
-0.49918368458747864 -0.5560834407806396
-0.505702793598175 -0.5604782700538635
-0.5050533413887024 -0.5502501726150513
-0.5024387836456299 -0.5487736463546753
-0.4978336691856384 -0.5410512089729309
-0.49235713481903076 -0.5422269701957703
-0.4860042333602905 -0.5224871635437012
-0.46170270442962646 -0.5314505100250244
-0.4479120969772339 -0.5345200300216675
-0.4298953115940094 -0.5485695004463196
-0.43834707140922546 -0.5441263318061829
-0.4473910331726074 -0.5416832566261292
