-0.2954018712043762 -0.5442782044410706
-0.2954113781452179 -0.543326199054718
-0.3000487685203552 -0.5495356321334839
-0.2930704653263092 -0.554309070110321
-0.2963373064994812 -0.557410717010498
-0.290555477142334 -0.5501759052276611
-0.29551059007644653 -0.5540452599525452
-0.298201322555542 -0.5546731948852539
-0.2979632019996643 -0.5578736662864685
-0.29562127590179443 -0.5551548004150391
-0.3020037114620209 -0.557596743106842
-0.3052729368209839 -0.5550010800361633
-0.30799421668052673 -0.5539891123771667
-0.3163042962551117 -0.5484545230865479
-0.3126976490020752 -0.5509087443351746
-0.3145154118537903 -0.5481013655662537
-0.3163703680038452 -0.54092937707901
-0.31564703583717346 -0.5325239896774292
-0.3206970691680908 -0.533129870891571
-0.31940990686416626 -0.5358498692512512
-0.31970295310020447 -0.5382689833641052
-0.3183918595314026 -0.5346860289573669
-0.3189275860786438 -0.5283157825469971
-0.3192142844200134 -0.5320489406585693
-0.3220233619213104 -0.5370910167694092
-0.3180149495601654 -0.5416103005409241
-0.3174096643924713 -0.5458467602729797
-0.33105775713920593 -0.5654786229133606
-0.3342629373073578 -0.5823209285736084
-0.3244597613811493 -0.5722711682319641
-0.34950846433639526 -0.6168762445449829
-0.3472025990486145 -0.6219516396522522
-0.36082980036735535 -0.7425623536109924
-0.3578014373779297 -0.7445340752601624
-0.35594120621681213 -0.737379252910614
-0.350966215133667 -0.731147050857544
-0.37652918696403503 -0.8058443665504456
-0.3675607442855835 -0.7897734642028809
-0.3657241463661194 -0.7805091142654419
-0.336047500371933 -0.7373465299606323
-0.31568342447280884 -0.7318376302719116
-0.3132256269454956 -0.7221907377243042
-0.30595993995666504 -0.6964569091796875
-0.30497437715530396 -0.6902410387992859
-0.31307366490364075 -0.6825773119926453
-0.3138567805290222 -0.6623636484146118
-0.2899831235408783 -0.621324896812439
-0.30901074409484863 -0.5967402458190918
-0.32493022084236145 -0.5496464371681213
-0.3264281451702118 -0.5209658145904541
-0.33234280347824097 -0.513832688331604
-0.3267633318901062 -0.5793219804763794
-0.31511399149894714 -0.570378303527832
-0.34545639157295227 -0.5416171550750732
-0.305893212556839 -0.5582027435302734
-0.31469443440437317 -0.5644496083259583
-0.34568360447883606 -0.5761083960533142
-0.3121008574962616 -0.57570481300354
-0.3515804409980774 -0.5585787892341614
-0.32616835832595825 -0.5519675612449646
-0.3393823802471161 -0.5273463726043701
-0.3426598608493805 -0.5561591386795044
