-0.15018990635871887 -0.5019810199737549
-0.13941791653633118 -0.485858678817749
-0.13784116506576538 -0.5088332891464233
-0.14085207879543304 -0.5049062967300415
-0.14540867507457733 -0.5167911052703857
-0.14614848792552948 -0.518486738204956
-0.14762750267982483 -0.5159115791320801
-0.14721891283988953 -0.5159105658531189
-0.1416415572166443 -0.5001952648162842
-0.15210695564746857 -0.5298867225646973
-0.14953172206878662 -0.5109707117080688
-0.1494002640247345 -0.5196461081504822
-0.14503894746303558 -0.4990990459918976
-0.1526409238576889 -0.5125182867050171
-0.15678727626800537 -0.5417783260345459
-0.15759877860546112 -0.5516858696937561
-0.11061689257621765 -0.5392633676528931
-0.057587213814258575 -0.5168906450271606
-0.03407013416290283 -0.5208719372749329
-0.02193901315331459 -0.659893810749054
-0.020288266241550446 -0.8464928865432739
-0.027968376874923706 -0.8484197854995728
-0.039003971964120865 -0.8554247617721558
-0.09029023349285126 -0.8618470430374146
-0.10933178663253784 -0.8675522208213806
-0.1162453442811966 -0.8516761660575867
-0.1334557831287384 -0.8356056213378906
-0.1480158120393753 -0.8219199180603027
-0.1480158120393753 -0.8219199180603027
-0.20387998223304749 -0.7408228516578674
-0.21381554007530212 -0.7143692970275879
-0.22160422801971436 -0.6848343014717102
-0.2267959713935852 -0.6072816848754883
-0.2220492660999298 -0.586300253868103
-0.21793273091316223 -0.5581904649734497
-0.17981788516044617 -0.5252776145935059
-0.1408681720495224 -0.4972783625125885
-0.13278856873512268 -0.5053860545158386
-0.15065932273864746 -0.5042039752006531
-0.14984901249408722 -0.5035446882247925
-0.14881005883216858 -0.5020360946655273
-0.15059316158294678 -0.4957629442214966
-0.15190553665161133 -0.49424129724502563
-0.1566026508808136 -0.4888136386871338
-0.1566026508808136 -0.4888136386871338
-0.16320747137069702 -0.47590842843055725
-0.16369950771331787 -0.47270891070365906
-0.16150885820388794 -0.47032034397125244
-0.16337953507900238 -0.4724138081073761
-0.15562143921852112 -0.4841984212398529
-0.15585225820541382 -0.4918058514595032
-0.1614924967288971 -0.4948384463787079
-0.16570548713207245 -0.4975050091743469
-0.16288992762565613 -0.5029054880142212
-0.17860820889472961 -0.4929597079753876
-0.17860820889472961 -0.4929597079753876
-0.20046064257621765 -0.482171893119812
-0.20440474152565002 -0.48986732959747314
-0.22315353155136108 -0.4994904398918152
-0.22315353155136108 -0.4994904398918152
-0.2718433737754822 -0.5143790245056152
