-0.4568258225917816 -0.40297234058380127
-0.4498370885848999 -0.4854470193386078
-0.4498370885848999 -0.4854470193386078
-0.4658571183681488 -0.4692033529281616
-0.466327041387558 -0.4904271364212036
-0.4638972282409668 -0.47155308723449707
-0.4638972282409668 -0.47155308723449707
-0.463578462600708 -0.4561302363872528
-0.4832564890384674 -0.4348699152469635
-0.4832564890384674 -0.4348699152469635
-0.4561631977558136 -0.43484270572662354
-0.4590468406677246 -0.4305250346660614
-0.5256733894348145 -0.4520096182823181
-0.5256733894348145 -0.4520096182823181
-0.54312664270401 -0.4951849579811096
-0.5375829935073853 -0.515871524810791
-0.5375829935073853 -0.515871524810791
-0.5215778946876526 -0.5266509056091309
-0.5135352611541748 -0.5401167869567871
-0.5113569498062134 -0.5451455116271973
-0.5113569498062134 -0.5451455116271973
-0.467060923576355 -0.5604853630065918
-0.44766324758529663 -0.5655581951141357
-0.44766324758529663 -0.5655581951141357
-0.4092026650905609 -0.5677258372306824
-0.3819230794906616 -0.6019595265388489
-0.3819230794906616 -0.6019595265388489
-0.42555418610572815 -0.69170743227005
-0.4486181139945984 -0.6968578100204468
-0.49162447452545166 -0.6763417720794678
-0.5477042198181152 -0.6829439401626587
-0.5518925189971924 -0.7140054702758789
-0.5518925189971924 -0.7140054702758789
-0.5250533223152161 -0.6881242990493774
-0.45493483543395996 -0.6484167575836182
-0.45493483543395996 -0.6484167575836182
-0.39173731207847595 -0.6173515319824219
-0.5199354887008667 -0.3744388222694397
-0.5199354887008667 -0.3744388222694397
-0.551777184009552 -0.3588526248931885
-0.5568782091140747 -0.3571252226829529
-0.5568782091140747 -0.3571252226829529
-0.5676149129867554 -0.3593895733356476
-0.5633338689804077 -0.3631061315536499
-0.5516113042831421 -0.3645751178264618
-0.5516113042831421 -0.3645751178264618
-0.5538730621337891 -0.3622071146965027
-0.5461186766624451 -0.3606377840042114
-0.5461186766624451 -0.3606377840042114
-0.5615119934082031 -0.3650277256965637
-0.5529720187187195 -0.3505503535270691
-0.5406219363212585 -0.35057371854782104
-0.5406219363212585 -0.35057371854782104
-0.4988446533679962 -0.3529196083545685
-0.5508514642715454 -0.6272178888320923
-0.5508514642715454 -0.6272178888320923
-0.5755611658096313 -0.6497304439544678
-0.4093957543373108 -0.7204566597938538
-0.4093957543373108 -0.7204566597938538
-0.39943015575408936 -0.740697979927063
-0.38595351576805115 -0.7934982776641846
-0.38804611563682556 -0.7531905770301819
-0.38978707790374756 -0.7654592394828796
-0.39392146468162537 -0.7468931674957275
-0.380341500043869 -0.7776651382446289
-0.39509347081184387 -0.7425861358642578
-0.3964761793613434 -0.7508720755577087
-0.3964761793613434 -0.7508720755577087
-0.39826470613479614 -0.7438111901283264
-0.40888291597366333 -0.6956935524940491
-0.5739119052886963 -0.28511351346969604
-0.4682271480560303 -0.44681882858276367
-0.4703711271286011 -0.4434936046600342
-0.5026598572731018 -0.3772464394569397
-0.531596302986145 -0.4181155562400818
-0.5401886105537415 -0.4639356732368469
-0.5559741854667664 -0.47837111353874207
-0.5887865424156189 -0.5160502195358276
-0.5887865424156189 -0.5160502195358276
-0.5942876935005188 -0.5485794544219971
-0.587753415107727 -0.7749795913696289
-0.5609118938446045 -0.7271164655685425
-0.5962037444114685 -0.7461357116699219
