-0.45015570521354675 -0.6061838269233704
-0.45015570521354675 -0.6061838269233704
-0.45165205001831055 -0.5699628591537476
-0.46925362944602966 -0.4751906991004944
-0.47343215346336365 -0.4702032804489136
-0.47249770164489746 -0.468799352645874
-0.475501149892807 -0.4699818193912506
-0.47442060708999634 -0.47134244441986084
-0.47542619705200195 -0.4709756374359131
-0.4739954173564911 -0.4741062521934509
-0.46970683336257935 -0.4739735424518585
-0.4676446318626404 -0.47473621368408203
-0.4625614881515503 -0.47477561235427856
-0.45688924193382263 -0.46688148379325867
-0.456272155046463 -0.46818092465400696
-0.4570695161819458 -0.4664647877216339
-0.4577416479587555 -0.46659940481185913
-0.471749484539032 -0.47482815384864807
-0.471749484539032 -0.47482815384864807
-0.49884864687919617 -0.5008262395858765
-0.5125964879989624 -0.5142830610275269
-0.5228162407875061 -0.5281950831413269
-0.5346152186393738 -0.5374431610107422
-0.5465920567512512 -0.5967729687690735
-0.5438345074653625 -0.6096770167350769
-0.5378087162971497 -0.6169249415397644
-0.47839781641960144 -0.6467145085334778
-0.45944085717201233 -0.6467403173446655
-0.4423002302646637 -0.6561101675033569
-0.4047155976295471 -0.6732181310653687
-0.3578312397003174 -0.7163042426109314
-0.345679372549057 -0.7384591102600098
-0.3335384428501129 -0.7574672698974609
-0.331523060798645 -0.8291152119636536
-0.34286224842071533 -0.837159276008606
-0.36775892972946167 -0.8609039783477783
-0.44331902265548706 -0.8794469237327576
-0.5077372789382935 -0.8957396745681763
-0.5276826620101929 -0.8295503854751587
-0.5187158584594727 -0.8709942698478699
-0.5256847143173218 -0.8828540444374084
-0.5224034786224365 -0.8661504983901978
-0.5478541254997253 -0.8172836303710938
-0.5232404470443726 -0.8560643792152405
-0.5212357640266418 -0.8774145841598511
-0.5062034130096436 -0.8738940954208374
-0.5058241486549377 -0.8588394522666931
-0.5103389024734497 -0.8747257590293884
-0.5062137842178345 -0.8793553709983826
-0.5021928548812866 -0.875417172908783
-0.5032572746276855 -0.8817219138145447
-0.509185791015625 -0.869460940361023
-0.5113194584846497 -0.8676581978797913
-0.5106420516967773 -0.8681657910346985
-0.5118367671966553 -0.8601572513580322
-0.5133336782455444 -0.8606677055358887
