-0.3481253385543823 -0.8608893156051636
-0.32078903913497925 -0.765780508518219
-0.36192870140075684 -0.5788185596466064
-0.38486605882644653 -0.49944910407066345
-0.39456844329833984 -0.4762565791606903
-0.41869720816612244 -0.43668830394744873
-0.4218165874481201 -0.4322272539138794
-0.4217427372932434 -0.4302732050418854
-0.4233655035495758 -0.4335784912109375
-0.42584455013275146 -0.4399287700653076
-0.42785120010375977 -0.4435354173183441
-0.4287946820259094 -0.4469657242298126
-0.425847589969635 -0.44987180829048157
-0.4252597987651825 -0.4521234631538391
-0.42419856786727905 -0.45002996921539307
-0.42419856786727905 -0.45002996921539307
-0.4154670834541321 -0.4484628140926361
-0.41269317269325256 -0.4494098722934723
-0.4103337526321411 -0.44920575618743896
-0.40964311361312866 -0.446214884519577
-0.40964311361312866 -0.446214884519577
-0.414539098739624 -0.4500136077404022
-0.4180956482887268 -0.4482501149177551
-0.4599756598472595 -0.46196040511131287
-0.4722694158554077 -0.47127217054367065
-0.4994330108165741 -0.49993205070495605
-0.5045153498649597 -0.5093616247177124
-0.5069354772567749 -0.5170739889144897
-0.5081362128257751 -0.526822030544281
-0.49959391355514526 -0.5743077397346497
-0.48936593532562256 -0.5759605765342712
-0.48020851612091064 -0.5845357775688171
-0.44100916385650635 -0.5965448021888733
-0.4230496287345886 -0.5982832312583923
-0.413615882396698 -0.6156471371650696
-0.40085360407829285 -0.6239749789237976
-0.3773075342178345 -0.6459046006202698
-0.34471774101257324 -0.6927589178085327
-0.34471774101257324 -0.6927589178085327
-0.339513897895813 -0.7438022494316101
-0.34139877557754517 -0.7536253929138184
-0.3453122675418854 -0.7648334503173828
-0.3624328374862671 -0.7835797071456909
-0.38907355070114136 -0.7960855960845947
-0.39942795038223267 -0.796220064163208
-0.4459385573863983 -0.8019077777862549
-0.4561326205730438 -0.7971507906913757
-0.47045883536338806 -0.7936475872993469
-0.4934062659740448 -0.789259672164917
-0.5235302448272705 -0.785530686378479
-0.5302535891532898 -0.7834051251411438
-0.5361549258232117 -0.7831606268882751
-0.5428842306137085 -0.7839899659156799
-0.5409173965454102 -0.7835400104522705
-0.5405715107917786 -0.7787516117095947
-0.5411781072616577 -0.7816771268844604
-0.5383748412132263 -0.7792753577232361
-0.5369335412979126 -0.7747092843055725
-0.5400323867797852 -0.7729832530021667
-0.5310300588607788 -0.7623412013053894
-0.5295020341873169 -0.7600836753845215
-0.5295020341873169 -0.7600836753845215
-0.5287773013114929 -0.7611356377601624
