-0.5333858728408813 -0.3956991732120514
-0.5333858728408813 -0.3956991732120514
-0.5011971592903137 -0.3737463355064392
-0.49975693225860596 -0.4275299906730652
-0.5088234543800354 -0.43084606528282166
-0.5088234543800354 -0.43084606528282166
-0.5015624165534973 -0.4335134029388428
-0.49455252289772034 -0.44663000106811523
-0.49455252289772034 -0.44663000106811523
-0.5227541327476501 -0.2439376413822174
-0.5136798024177551 -0.28053972125053406
-0.48600977659225464 -0.4526838958263397
-0.48600977659225464 -0.4526838958263397
-0.45057275891304016 -0.4495540261268616
-0.48603060841560364 -0.49897757172584534
-0.5031474828720093 -0.5223082304000854
-0.5031474828720093 -0.5223082304000854
-0.5060940384864807 -0.5319843888282776
-0.5178806781768799 -0.2845451235771179
-0.503835916519165 -0.53749018907547
-0.5140084028244019 -0.2998974025249481
-0.5140084028244019 -0.2998974025249481
-0.5048750638961792 -0.5374758243560791
-0.4969344139099121 -0.3093264102935791
-0.4969344139099121 -0.3093264102935791
-0.49188944697380066 -0.32425567507743835
-0.5132251381874084 -0.3920885920524597
-0.5172269940376282 -0.3439286947250366
-0.5172269940376282 -0.3439286947250366
-0.5324585437774658 -0.3580174744129181
-0.5222339034080505 -0.3916621506214142
-0.5338668823242188 -0.36721697449684143
-0.5338668823242188 -0.36721697449684143
-0.54542076587677 -0.4441676735877991
-0.54542076587677 -0.4441676735877991
-0.5549547076225281 -0.41057124733924866
-0.5595752596855164 -0.3976011574268341
-0.5564618706703186 -0.4233729839324951
-0.5564618706703186 -0.4233729839324951
-0.5441116094589233 -0.4013444781303406
-0.5428182482719421 -0.4091000556945801
-0.5428182482719421 -0.4091000556945801
-0.5194923877716064 -0.367817759513855
-0.4239045977592468 -0.37439924478530884
-0.4187792241573334 -0.38246598839759827
-0.4187792241573334 -0.38246598839759827
-0.40712258219718933 -0.42484715580940247
-0.40712258219718933 -0.42484715580940247
-0.4489225447177887 -0.5543980598449707
-0.4489225447177887 -0.5543980598449707
-0.35787591338157654 -0.8896098136901855
-0.29495638608932495 -0.5443545579910278
-0.5100948214530945 -0.3852248191833496
-0.5566532611846924 -0.1623290777206421
-0.5715444087982178 -0.18531236052513123
-0.5720188617706299 -0.1510842740535736
-0.5720188617706299 -0.1510842740535736
-0.5679739117622375 -0.19081616401672363
-0.5569485425949097 -0.25464144349098206
-0.5468069911003113 -0.26987016201019287
-0.5468069911003113 -0.26987016201019287
-0.46380338072776794 -0.4901636242866516
-0.4441184103488922 -0.49122196435928345
-0.4441184103488922 -0.49122196435928345
-0.5116397738456726 -0.6121947765350342
-0.5116397738456726 -0.6121947765350342
-0.39077314734458923 -0.505667507648468
-0.5094560384750366 -0.2758949398994446
-0.506084144115448 -0.270567387342453
-0.506084144115448 -0.270567387342453
-0.498595654964447 -0.28049972653388977
-0.5003000497817993 -0.2810850739479065
-0.5053962469100952 -0.29121488332748413
-0.5053962469100952 -0.29121488332748413
-0.5138570666313171 -0.29631316661834717
-0.5028667449951172 -0.2968044877052307
-0.5028667449951172 -0.2968044877052307
-0.4286998212337494 -0.7241516709327698
