-0.5873935222625732 -0.36816346645355225
-0.5873935222625732 -0.36816346645355225
-0.5999315977096558 -0.3449227809906006
-0.6275696158409119 -0.30314549803733826
-0.6307695508003235 -0.30487191677093506
-0.6324394941329956 -0.30580753087997437
-0.6346180438995361 -0.3064384460449219
-0.6347638964653015 -0.30683058500289917
-0.6354866623878479 -0.3107624053955078
-0.6350932717323303 -0.31276625394821167
-0.6304298639297485 -0.31407430768013
-0.6305668354034424 -0.3148905634880066
-0.6283677816390991 -0.3122556805610657
-0.6244054436683655 -0.31653785705566406
-0.6215569972991943 -0.31514623761177063
-0.6194400787353516 -0.31671661138534546
-0.6209689974784851 -0.3142404556274414
-0.6198947429656982 -0.3144039511680603
-0.6187438368797302 -0.31021541357040405
-0.6195703744888306 -0.3135187029838562
-0.6188091039657593 -0.31433799862861633
-0.6182082891464233 -0.3169960379600525
-0.6183574199676514 -0.31617671251296997
-0.6199382543563843 -0.31687143445014954
-0.6224399209022522 -0.31783586740493774
-0.6238332986831665 -0.3188215494155884
-0.6055651307106018 -0.3133845329284668
-0.5817137956619263 -0.3114331364631653
-0.5637515783309937 -0.3068809509277344
-0.5464394092559814 -0.30307990312576294
-0.48755431175231934 -0.2964407801628113
-0.4704688787460327 -0.2955019474029541
-0.44894787669181824 -0.3094041049480438
-0.45934751629829407 -0.3252120614051819
-0.4684557318687439 -0.3351617455482483
-0.47775009274482727 -0.3460325598716736
-0.5282242298126221 -0.39110320806503296
-0.5429948568344116 -0.4070606231689453
-0.5584188103675842 -0.42354363203048706
-0.5709601640701294 -0.4384115934371948
-0.5838229656219482 -0.4487050473690033
-0.6424255967140198 -0.5179680585861206
-0.6506344079971313 -0.528892993927002
-0.6490194201469421 -0.5337491035461426
-0.6459514498710632 -0.5324717164039612
-0.6397706270217896 -0.5309266448020935
-0.6267561912536621 -0.5291562080383301
-0.5561676025390625 -0.522191047668457
-0.528678297996521 -0.5148839354515076
-0.4333442151546478 -0.5045990943908691
-0.41517481207847595 -0.5027598142623901
-0.40030351281166077 -0.5014548301696777
-0.38784530758857727 -0.5018437504768372
-0.37031662464141846 -0.5114637017250061
-0.3658212125301361 -0.5136339068412781
-0.3676159679889679 -0.5149235129356384
-0.37057724595069885 -0.5203370451927185
-0.3703850507736206 -0.5210606455802917
-0.3724861741065979 -0.5205434560775757
-0.3703297972679138 -0.5199579000473022
-0.36223849654197693 -0.514900803565979
-0.36120766401290894 -0.5133618712425232
-0.3616501986980438 -0.5135279893875122
-0.3647935688495636 -0.5142229795455933
-0.36498787999153137 -0.5147507190704346
-0.3676378130912781 -0.5163493752479553
-0.3581306040287018 -0.5155265927314758
-0.3560366928577423 -0.514533519744873
-0.3520470857620239 -0.5149444341659546
