-0.3646056056022644 -0.7311798930168152
-0.41747474670410156 -0.6120340824127197
-0.4395107328891754 -0.5550535321235657
-0.48985785245895386 -0.4654470384120941
-0.49728187918663025 -0.45749473571777344
-0.5027208924293518 -0.45412081480026245
-0.5154532790184021 -0.456252783536911
-0.5169031620025635 -0.46166184544563293
-0.5188288688659668 -0.46411725878715515
-0.5198752880096436 -0.46695977449417114
-0.5204858779907227 -0.4630785584449768
-0.5204858779907227 -0.4630785584449768
-0.5193919539451599 -0.4575316905975342
-0.5179578065872192 -0.4680207073688507
-0.5166351795196533 -0.47059568762779236
-0.5168764591217041 -0.4683495759963989
-0.5168355703353882 -0.46751147508621216
-0.5169111490249634 -0.4688820540904999
-0.5196524262428284 -0.469068706035614
-0.5209912657737732 -0.46137964725494385
-0.5082701444625854 -0.4673778712749481
-0.49938297271728516 -0.4700688421726227
-0.48608461022377014 -0.4588589072227478
-0.4424707293510437 -0.4512927830219269
-0.421460896730423 -0.45940423011779785
-0.40793147683143616 -0.4552270472049713
-0.39306461811065674 -0.4483692944049835
-0.37598907947540283 -0.4575863778591156
-0.3432283401489258 -0.48565399646759033
-0.3432283401489258 -0.48565399646759033
-0.36463671922683716 -0.5219156742095947
-0.37209373712539673 -0.5393276810646057
-0.38567250967025757 -0.5534681081771851
-0.3983725905418396 -0.5770466327667236
-0.459222674369812 -0.6646232604980469
-0.4709293246269226 -0.6960282921791077
-0.48211851716041565 -0.7048496603965759
-0.48712867498397827 -0.7208727598190308
-0.4808797836303711 -0.7166811227798462
-0.4718463122844696 -0.7217268943786621
-0.3696656823158264 -0.7284035086631775
-0.3365743160247803 -0.7304913401603699
-0.3068104386329651 -0.734472393989563
-0.2757248878479004 -0.7300543189048767
-0.20899994671344757 -0.744060218334198
-0.2028665542602539 -0.7445628643035889
-0.19996576011180878 -0.7547175288200378
-0.1986858993768692 -0.7692558169364929
-0.20276309549808502 -0.7729586958885193
-0.2015426903963089 -0.7656901478767395
-0.20385947823524475 -0.7704247236251831
-0.20254510641098022 -0.7693946361541748
-0.20610147714614868 -0.7719408273696899
-0.20722584426403046 -0.7636372447013855
-0.2139500230550766 -0.7555158734321594
-0.20839020609855652 -0.7511889934539795
-0.21408402919769287 -0.7525210976600647
-0.2092118263244629 -0.7456964254379272
-0.21079175174236298 -0.7448288202285767
