-0.21711617708206177 -0.6502829790115356
-0.24972523748874664 -0.6973569393157959
-0.25593245029449463 -0.6911640167236328
-0.25593245029449463 -0.6911640167236328
-0.25593245029449463 -0.6911640167236328
-0.2625194489955902 -0.6972588300704956
-0.2625194489955902 -0.6972588300704956
-0.2754752039909363 -0.7109337449073792
-0.2754752039909363 -0.7109337449073792
-0.2754752039909363 -0.7109337449073792
-0.2803596258163452 -0.7144153714179993
-0.2803596258163452 -0.7144153714179993
-0.2890280485153198 -0.7020449042320251
-0.2890280485153198 -0.7020449042320251
-0.2890280485153198 -0.7020449042320251
-0.2890280485153198 -0.7020449042320251
-0.32196998596191406 -0.6825344562530518
-0.3413299322128296 -0.6700199842453003
-0.3413299322128296 -0.6700199842453003
-0.3413299322128296 -0.6700199842453003
-0.37332966923713684 -0.6584678292274475
-0.37332966923713684 -0.6584678292274475
-0.3976050019264221 -0.6460698246955872
-0.3976050019264221 -0.6460698246955872
-0.3976050019264221 -0.6460698246955872
-0.41217732429504395 -0.6438302397727966
-0.41217732429504395 -0.6438302397727966
-0.40665769577026367 -0.6432819962501526
-0.40665769577026367 -0.6432819962501526
-0.40665769577026367 -0.6432819962501526
-0.3879696726799011 -0.6610172390937805
-0.3879696726799011 -0.6610172390937805
-0.2730630934238434 -0.731153130531311
-0.2730630934238434 -0.731153130531311
-0.2730630934238434 -0.731153130531311
-0.3412957191467285 -0.7000188827514648
-0.3412957191467285 -0.7000188827514648
-0.3236579895019531 -0.6963392496109009
-0.3236579895019531 -0.6963392496109009
-0.3236579895019531 -0.6963392496109009
-0.30086609721183777 -0.7225227355957031
-0.30086609721183777 -0.7225227355957031
-0.28935936093330383 -0.7265885472297668
-0.28935936093330383 -0.7265885472297668
-0.28935936093330383 -0.7265885472297668
-0.28935936093330383 -0.7265885472297668
-0.2840748131275177 -0.7213068008422852
-0.27895140647888184 -0.727968692779541
-0.27895140647888184 -0.727968692779541
-0.27895140647888184 -0.727968692779541
-0.254569947719574 -0.7272231578826904
-0.254569947719574 -0.7272231578826904
-0.254569947719574 -0.7272231578826904
-0.3198542594909668 -0.702289342880249
-0.3198542594909668 -0.702289342880249
-0.3198542594909668 -0.702289342880249
-0.2505141794681549 -0.7376279234886169
-0.2505141794681549 -0.7376279234886169
-0.38279297947883606 -0.6664080023765564
-0.38279297947883606 -0.6664080023765564
-0.38279297947883606 -0.6664080023765564
-0.38279297947883606 -0.6664080023765564
-0.39065754413604736 -0.668772280216217
-0.25169864296913147 -0.7231820821762085
-0.25169864296913147 -0.7231820821762085
-0.25169864296913147 -0.7231820821762085
-0.2617287039756775 -0.7195448279380798
-0.2617287039756775 -0.7195448279380798
-0.2617287039756775 -0.7195448279380798
-0.2669755220413208 -0.7312321066856384
-0.2669755220413208 -0.7312321066856384
-0.27541863918304443 -0.7372347116470337
-0.27541863918304443 -0.7372347116470337
-0.27541863918304443 -0.7372347116470337
-0.27541863918304443 -0.7372347116470337
-0.3915642499923706 -0.6673450469970703
-0.3915642499923706 -0.6673450469970703
-0.38530629873275757 -0.6715553402900696
-0.38530629873275757 -0.6715553402900696
-0.38530629873275757 -0.6715553402900696
-0.3533608019351959 -0.6936646699905396
-0.3533608019351959 -0.6936646699905396
-0.3414975106716156 -0.6896346211433411
-0.3414975106716156 -0.6896346211433411
-0.3414975106716156 -0.6896346211433411
-0.24197165668010712 -0.7366843223571777
-0.24197165668010712 -0.7366843223571777
-0.24197165668010712 -0.7366843223571777
-0.3838125467300415 -0.6635225415229797
-0.3838125467300415 -0.6635225415229797
-0.3838125467300415 -0.6635225415229797
-0.39785170555114746 -0.6689252853393555
-0.39785170555114746 -0.6689252853393555
-0.452517032623291 -0.4961055517196655
-0.452517032623291 -0.4961055517196655
-0.2434699535369873 -0.7484239339828491
-0.2434699535369873 -0.7484239339828491
-0.2533583641052246 -0.7501776814460754
-0.2533583641052246 -0.7501776814460754
-0.2533583641052246 -0.7501776814460754
-0.2533583641052246 -0.7501776814460754
-0.24479015171527863 -0.7481979131698608
-0.36644434928894043 -0.6987525224685669
-0.36644434928894043 -0.6987525224685669
-0.36644434928894043 -0.6987525224685669
-0.3470460772514343 -0.6967967748641968
-0.3470460772514343 -0.6967967748641968
-0.3555290699005127 -0.6909094452857971
-0.3555290699005127 -0.6909094452857971
-0.3555290699005127 -0.6909094452857971
