-0.6054210662841797 -0.7684482932090759
-0.6023362874984741 -0.7724887728691101
-0.610952615737915 -0.7793330550193787
-0.610952615737915 -0.7793330550193787
-0.610952615737915 -0.7793330550193787
-0.6051124930381775 -0.7741681337356567
-0.6114136576652527 -0.7741796374320984
-0.6114136576652527 -0.7741796374320984
-0.6066035628318787 -0.7746930718421936
-0.6066035628318787 -0.7746930718421936
-0.6066035628318787 -0.7746930718421936
-0.6182950735092163 -0.7651285529136658
-0.6182950735092163 -0.7651285529136658
-0.6739452481269836 -0.7425771951675415
-0.6739452481269836 -0.7425771951675415
-0.6789371967315674 -0.7488592863082886
-0.6789371967315674 -0.7488592863082886
-0.6789371967315674 -0.7488592863082886
-0.6803528666496277 -0.7548749446868896
-0.6803528666496277 -0.7548749446868896
-0.474191278219223 -0.7215931415557861
-0.4974402189254761 -0.7638437747955322
-0.4974402189254761 -0.7638437747955322
-0.4974402189254761 -0.7638437747955322
-0.5111653208732605 -0.7698902487754822
-0.5111653208732605 -0.7698902487754822
-0.5211063623428345 -0.7656733989715576
-0.5211063623428345 -0.7656733989715576
-0.5211063623428345 -0.7656733989715576
-0.46533602476119995 -0.7983447313308716
-0.46533602476119995 -0.7983447313308716
-0.46533602476119995 -0.7983447313308716
-0.5838665962219238 -0.7731940746307373
-0.7034698128700256 -0.7398073077201843
-0.7034698128700256 -0.7398073077201843
-0.7034698128700256 -0.7398073077201843
-0.7167556285858154 -0.7336366176605225
-0.7167556285858154 -0.7336366176605225
-0.707805335521698 -0.728503942489624
-0.707805335521698 -0.728503942489624
-0.707805335521698 -0.728503942489624
-0.707805335521698 -0.728503942489624
-0.6977272033691406 -0.7345790863037109
-0.6828806400299072 -0.7486894130706787
-0.6828806400299072 -0.7486894130706787
-0.6828806400299072 -0.7486894130706787
-0.6604998707771301 -0.7489118576049805
-0.6604998707771301 -0.7489118576049805
-0.6408872008323669 -0.7795566916465759
-0.6408872008323669 -0.7795566916465759
-0.6408872008323669 -0.7795566916465759
-0.6230549216270447 -0.7880455255508423
-0.6230549216270447 -0.7880455255508423
-0.6147779822349548 -0.7982149124145508
-0.6147779822349548 -0.7982149124145508
-0.6147779822349548 -0.7982149124145508
-0.5823613405227661 -0.7910024523735046
-0.5823613405227661 -0.7910024523735046
-0.5431244373321533 -0.8214993476867676
-0.5431244373321533 -0.8214993476867676
-0.5431244373321533 -0.8214993476867676
-0.5275989174842834 -0.8348922729492188
-0.5275989174842834 -0.8348922729492188
-0.4755129814147949 -0.8388398885726929
-0.41592109203338623 -0.8415287137031555
-0.41592109203338623 -0.8415287137031555
-0.41592109203338623 -0.8415287137031555
-0.3866584897041321 -0.8389484882354736
-0.3866584897041321 -0.8389484882354736
-0.3866584897041321 -0.8389484882354736
-0.46204978227615356 -0.8338574171066284
-0.46204978227615356 -0.8338574171066284
-0.46204978227615356 -0.8338574171066284
-0.5078272819519043 -0.8048651218414307
-0.5078272819519043 -0.8048651218414307
-0.5278292894363403 -0.7914043664932251
-0.5278292894363403 -0.7914043664932251
-0.5278292894363403 -0.7914043664932251
-0.5361912250518799 -0.7895079851150513
-0.5361912250518799 -0.7895079851150513
-0.5831659436225891 -0.7087653875350952
-0.601327121257782 -0.692206621170044
-0.601327121257782 -0.692206621170044
-0.5821585655212402 -0.6615755558013916
-0.5729870796203613 -0.6452903151512146
-0.5729870796203613 -0.6452903151512146
-0.5729870796203613 -0.6452903151512146
-0.5796747207641602 -0.6575567722320557
-0.5796747207641602 -0.6575567722320557
-0.58766770362854 -0.6475749611854553
-0.58766770362854 -0.6475749611854553
-0.58766770362854 -0.6475749611854553
-0.58766770362854 -0.6475749611854553
-0.5995338559150696 -0.664199948310852
-0.609444260597229 -0.6671673059463501
-0.609444260597229 -0.6671673059463501
-0.609444260597229 -0.6671673059463501
