-0.36484232544898987 -0.4289303123950958
-0.3681317865848541 -0.42811599373817444
-0.3681317865848541 -0.42811599373817444
-0.3681317865848541 -0.42811599373817444
-0.3670349419116974 -0.4420042335987091
-0.3670349419116974 -0.4420042335987091
-0.36105987429618835 -0.439348429441452
-0.36223387718200684 -0.40093696117401123
-0.36223387718200684 -0.40093696117401123
-0.36223387718200684 -0.40093696117401123
-0.35651129484176636 -0.44327935576438904
-0.35651129484176636 -0.44327935576438904
-0.385946661233902 -0.3885621726512909
-0.385946661233902 -0.3885621726512909
-0.385946661233902 -0.3885621726512909
-0.385946661233902 -0.3885621726512909
-0.40627580881118774 -0.38406965136528015
-0.4221095144748688 -0.3674502670764923
-0.4221095144748688 -0.3674502670764923
-0.4221095144748688 -0.3674502670764923
-0.42434051632881165 -0.3680571913719177
-0.42434051632881165 -0.3680571913719177
-0.4475536048412323 -0.36248719692230225
-0.4475536048412323 -0.36248719692230225
-0.4475536048412323 -0.36248719692230225
-0.4526820182800293 -0.3917648196220398
-0.4526820182800293 -0.3917648196220398
-0.4479171335697174 -0.3943834900856018
-0.4479171335697174 -0.3943834900856018
-0.4479171335697174 -0.3943834900856018
-0.43230780959129333 -0.3624814748764038
-0.43230780959129333 -0.3624814748764038
-0.41113153100013733 -0.3646771311759949
-0.41113153100013733 -0.3646771311759949
-0.41113153100013733 -0.3646771311759949
-0.38382983207702637 -0.3662075698375702
-0.38382983207702637 -0.3662075698375702
-0.31822365522384644 -0.293587327003479
-0.31822365522384644 -0.293587327003479
-0.31822365522384644 -0.293587327003479
-0.3860137462615967 -0.3588920533657074
-0.3860137462615967 -0.3588920533657074
-0.40431126952171326 -0.36859825253486633
-0.40431126952171326 -0.36859825253486633
-0.40431126952171326 -0.36859825253486633
-0.40431126952171326 -0.36859825253486633
-0.4009432792663574 -0.3583813011646271
-0.41601768136024475 -0.4115736484527588
-0.41601768136024475 -0.4115736484527588
-0.41601768136024475 -0.4115736484527588
-0.4279308021068573 -0.40137380361557007
-0.4279308021068573 -0.40137380361557007
-0.4266810715198517 -0.4266718924045563
-0.4266810715198517 -0.4266718924045563
-0.4266810715198517 -0.4266718924045563
-0.4307202398777008 -0.42456939816474915
-0.4307202398777008 -0.42456939816474915
-0.41517579555511475 -0.3539043962955475
-0.41517579555511475 -0.3539043962955475
-0.41517579555511475 -0.3539043962955475
-0.40168410539627075 -0.36831268668174744
-0.40168410539627075 -0.36831268668174744
-0.3961365818977356 -0.41654834151268005
-0.3961365818977356 -0.41654834151268005
-0.3961365818977356 -0.41654834151268005
-0.38725417852401733 -0.350631445646286
-0.38725417852401733 -0.350631445646286
-0.37664926052093506 -0.3688274025917053
-0.37664926052093506 -0.3688274025917053
-0.37664926052093506 -0.3688274025917053
-0.37797629833221436 -0.397958904504776
-0.37797629833221436 -0.397958904504776
-0.358478307723999 -0.37080323696136475
-0.3479369580745697 -0.38058212399482727
-0.3479369580745697 -0.38058212399482727
-0.3479369580745697 -0.38058212399482727
-0.35335996747016907 -0.36427369713783264
-0.35335996747016907 -0.36427369713783264
